[[0.1414213562373095, 0.1414213562373095],
 [0.282842712474619, 0.282842712474619],
  [0.4242640687119285, 0.4242640687119285],
   [0.565685424949238, 0.565685424949238],
    [0.7071067811865475, 0.7071067811865475],
     [0.848528137423857, 0.848528137423857],
      [0.9899494936611666, 0.9899494936611666],
       [1.131370849898476, 1.131370849898476],
        [1.2727922061357855, 1.2727922061357855],
         [1.414213562373095, 1.414213562373095],
          [1.5556349186104044, 1.5556349186104044],
           [1.6970562748477138, 1.6970562748477138],
            [1.8384776310850233, 1.8384776310850233],
             [1.9798989873223327, 1.9798989873223327],
              [2.1213203435596424, 2.1213203435596424],
               [2.262741699796952, 2.262741699796952],
                [2.4041630560342617, 2.4041630560342617],
                 [2.5455844122715714, 2.5455844122715714],
                  [2.687005768508881, 2.687005768508881]]

[[0.1414213562373095, 0.1414213562373095],
- [0.282842712474619, 0.282842712474619],
  [0.4242640687119285, 0.4242640687119285],
   [0.565685424949238, 0.565685424949238],
    [0.7071067811865475, 0.7071067811865475],
    - [0.848528137423857, 0.848528137423857], 
      [0.9899494936611666, 0.9899494936611666],
       [1.131370849898476, 1.131370849898476], 
        [1.2727922061357855, 1.2727922061357855], 
        - [1.414213562373095, 1.414213562373095],
          [1.5556349186104044, 1.5556349186104044],
           [1.6970562748477138, 1.6970562748477138],
            [1.8384776310850233, 1.8384776310850233],
            - [1.9798989873223327, 1.9798989873223327],
              [2.1213203435596424, 2.1213203435596424],
               [2.262741699796952, 2.262741699796952],
                [2.4041630560342617, 2.4041630560342617],
                 [2.5455844122715714, 2.5455844122715714]]